50
197 113 118 13
137 14 116 6
190 194 129 86
118 93 108 82
92 50 84 69
211 81 197 94
68 58 61 63
25 74 7 6
25 203 20 1
169 72 153 38
32 136 32 6
237 229 145 95
197 101 141 114
126 150 17 8
128 72 31 127
188 243 29 169
213 94 173 24
90 1 53 56
166 223 74 81
39 242 12 13
95 122 70 51
248 104 177 114
94 63 85 84
111 145 87 22
171 14 51 59
44 119 19 1
84 43 2 82
72 111 28 43
6 83 2 5
205 95 9 49
132 230 98 64
24 120 21 11
211 112 159 210
249 106 107 42
12 69 7 7
87 188 14 48
20 7 4 10
13 88 7 7
73 203 72 52
75 191 18 63
166 17 114 96
171 9 42 157
129 169 30 58
182 187 124 80
181 70 7 31
125 145 39 108
137 55 51 41
207 120 30 80
83 155 20 64
233 3 206 183
